features,Sen_DD,Sen_std_DD,Sen_CO,Sen_std_CO,Sen_TD,Sen_std_TD,Spe_DD,Spe_std_DD,Spe_CO,Spe_std_CO,Spe_TD,Spe_std_TD,geom_mean,geom_mean_std
"f000000010",0.270000,0.000000,0.703000,0.032078,0.570000,0.000000,0.768200,0.060023,0.384000,0.011489,0.660000,0.000000,0.525522,0.000000
"f000000011",0.830000,0.000000,0.495600,0.014988,0.500000,0.000000,0.600000,0.000000,0.545200,0.004996,0.660400,0.009992,0.595135,0.000000
"f000000100",0.633000,0.011705,0.408000,0.010954,0.509000,0.038013,0.576400,0.018629,0.451200,0.025428,0.510200,0.021586,0.509256,0.019183
"f000000101",0.674400,0.011859,0.510000,0.021817,0.559400,0.031900,0.631000,0.017578,0.555600,0.021275,0.551600,0.017362,0.577791,0.019417
"f000000110",0.562400,0.012257,0.500800,0.037515,0.628200,0.013068,0.504800,0.018787,0.575200,0.020999,0.622200,0.009009,0.563351,0.016657
"f000000111",0.715000,0.016155,0.491600,0.028591,0.631000,0.021471,0.647600,0.006499,0.581000,0.024352,0.605600,0.018885,0.608045,0.017592
"f000001000",0.150000,0.000000,0.070000,0.000000,0.903200,0.038181,0.609600,0.008237,0.559200,0.099817,0.381400,0.011834,0.327462,0.000000
"f000001001",0.150600,0.003105,0.570000,0.000000,0.308200,0.026585,0.222000,0.014000,0.567800,0.004600,0.243400,0.015825,0.305422,0.000000
"f000001010",0.390000,0.000000,0.701600,0.013470,0.537200,0.004490,0.734400,0.008980,0.407200,0.004490,0.664400,0.008980,0.554937,0.000033
"f000001011",0.803000,0.006708,0.444600,0.010433,0.457800,0.010448,0.578800,0.005528,0.488000,0.009165,0.609000,0.010440,0.551427,0.008536
"f000001100",0.578600,0.015493,0.513600,0.026740,0.556000,0.038523,0.535400,0.026398,0.533800,0.026600,0.576800,0.019641,0.548521,0.024572
"f000001101",0.639200,0.019374,0.511600,0.018260,0.509000,0.029069,0.578000,0.019391,0.538400,0.019734,0.532600,0.018634,0.549693,0.020459
"f000001110",0.609200,0.017982,0.513600,0.040237,0.581000,0.012042,0.508800,0.020846,0.587800,0.020424,0.615800,0.012663,0.567714,0.018995
"f000001111",0.710400,0.017545,0.511600,0.022747,0.577400,0.015207,0.643000,0.009849,0.536000,0.019287,0.604400,0.016752,0.593520,0.016380
"f000010000",0.574800,0.019208,0.462800,0.020788,0.418200,0.021419,0.534600,0.014451,0.468800,0.019250,0.442000,0.017889,0.480606,0.018685
"f000010001",0.623000,0.015264,0.606000,0.012490,0.496400,0.011447,0.632600,0.010161,0.591800,0.012600,0.500400,0.013994,0.572228,0.012552
"f000010010",0.595000,0.008544,0.522000,0.006325,0.629400,0.019840,0.656200,0.018643,0.558800,0.010515,0.558000,0.008246,0.584799,0.010960
"f000010011",0.666000,0.017889,0.567200,0.022807,0.623200,0.014344,0.678400,0.011552,0.617400,0.013829,0.577600,0.012737,0.620278,0.015111
"f000010100",0.644600,0.010623,0.568800,0.027831,0.548800,0.018071,0.637400,0.013086,0.591800,0.015709,0.538200,0.014791,0.586857,0.015914
"f000010101",0.643800,0.014682,0.552600,0.030972,0.558000,0.020785,0.610800,0.017982,0.601400,0.019288,0.546800,0.011565,0.584495,0.018329
"f000010110",0.680200,0.012568,0.488000,0.025690,0.681000,0.020125,0.676400,0.012452,0.605200,0.020711,0.587400,0.013684,0.615470,0.016855
"f000010111",0.700400,0.016120,0.532800,0.036608,0.659000,0.022650,0.682400,0.020838,0.623000,0.027731,0.599000,0.014036,0.630171,0.021836
"f000011000",0.515800,0.012820,0.409400,0.019330,0.453000,0.025475,0.566800,0.015677,0.408200,0.020851,0.423400,0.014507,0.459159,0.017621
"f000011001",0.617600,0.019137,0.552000,0.015875,0.498400,0.015409,0.648600,0.014284,0.561600,0.015147,0.472400,0.012579,0.555038,0.015283
"f000011010",0.603600,0.013078,0.531200,0.012270,0.652200,0.023689,0.688400,0.014610,0.546400,0.015590,0.579600,0.011307,0.597693,0.014626
"f000011011",0.666400,0.016584,0.602200,0.017583,0.625400,0.014725,0.683200,0.013182,0.642800,0.014288,0.584800,0.013746,0.633205,0.014939
"f000011100",0.627600,0.018715,0.562600,0.022874,0.575000,0.017234,0.630400,0.015743,0.585200,0.017803,0.554200,0.015759,0.588423,0.017872
"f000011101",0.649400,0.013025,0.555800,0.026237,0.576800,0.023701,0.632800,0.018659,0.606800,0.021949,0.551000,0.017349,0.594274,0.019649
"f000011110",0.679000,0.013304,0.483800,0.018962,0.698400,0.015147,0.694400,0.018128,0.617000,0.020322,0.582800,0.013422,0.620882,0.016320
"f000011111",0.693600,0.018521,0.553600,0.028479,0.668400,0.018586,0.696800,0.019229,0.626800,0.023617,0.605200,0.014176,0.638626,0.019954
"f000100000",0.230000,0.000000,0.360000,0.000000,0.720000,0.000000,0.520000,0.000000,0.450000,0.000000,0.440000,0.000000,0.427896,0.000000
"f000100001",0.395200,0.007808,0.560000,0.000000,0.353800,0.016235,0.353200,0.007600,0.605800,0.006030,0.367400,0.011101,0.428097,0.000000
"f000100010",0.390000,0.000000,0.281000,0.003000,0.675600,0.017794,0.670000,0.000000,0.358800,0.013804,0.438400,0.008570,0.445358,0.000000
"f000100011",0.770000,0.023324,0.384400,0.020991,0.544400,0.008285,0.582400,0.008381,0.480800,0.017871,0.604800,0.008773,0.548696,0.013216
"f000100100",0.551400,0.017437,0.362200,0.008784,0.547400,0.012932,0.454400,0.012831,0.454800,0.012368,0.554000,0.010954,0.481853,0.012288
"f000100101",0.658200,0.017741,0.540400,0.011993,0.576400,0.016824,0.570800,0.010925,0.616800,0.014344,0.589600,0.012484,0.590877,0.013832
"f000100110",0.560800,0.013688,0.459000,0.029138,0.631000,0.011180,0.470000,0.015100,0.599000,0.019000,0.611400,0.014001,0.550913,0.016175
"f000100111",0.672200,0.011365,0.494400,0.010984,0.646600,0.022769,0.612200,0.018793,0.593600,0.025041,0.614200,0.013430,0.602770,0.016183
"f000101000",0.294200,0.010410,0.317200,0.032683,0.718400,0.008570,0.548600,0.032985,0.407000,0.024434,0.458000,0.006633,0.435856,0.015805
"f000101001",0.466200,0.010176,0.484800,0.038897,0.428800,0.068107,0.442000,0.036878,0.557400,0.019577,0.404600,0.039558,0.461495,0.030274
"f000101010",0.452800,0.010962,0.292200,0.019828,0.604800,0.016881,0.670000,0.016371,0.315800,0.018664,0.454200,0.010410,0.444279,0.015061
"f000101011",0.760600,0.022839,0.396800,0.004665,0.530600,0.004200,0.578800,0.009086,0.468000,0.014283,0.618200,0.005173,0.547100,0.008184
"f000101100",0.532400,0.017727,0.367600,0.007365,0.588800,0.013060,0.461200,0.014091,0.476000,0.017088,0.555400,0.010239,0.491225,0.012704
"f000101101",0.638600,0.012808,0.487200,0.013422,0.584000,0.031241,0.577800,0.021475,0.555600,0.015121,0.574600,0.018890,0.567818,0.017904
"f000101110",0.564800,0.018893,0.391400,0.019288,0.639600,0.014827,0.500800,0.020282,0.549800,0.021862,0.567800,0.013159,0.529763,0.017774
"f000101111",0.668200,0.015452,0.480800,0.017982,0.623000,0.019000,0.629400,0.024200,0.542800,0.024416,0.599400,0.012068,0.587183,0.018307
"f000110000",0.525000,0.013304,0.428000,0.019287,0.419600,0.014136,0.507600,0.011758,0.476600,0.014507,0.400200,0.011400,0.457157,0.013848
"f000110001",0.581000,0.013000,0.617600,0.020838,0.443400,0.017845,0.509200,0.008908,0.624600,0.017345,0.499000,0.016523,0.541641,0.015202
"f000110010",0.592800,0.010400,0.539400,0.020338,0.624200,0.021826,0.623000,0.018358,0.587000,0.018788,0.562800,0.012968,0.587404,0.016563
"f000110011",0.669600,0.017316,0.562200,0.006096,0.654000,0.023152,0.702800,0.018443,0.601000,0.014595,0.598200,0.010524,0.629467,0.013805
"f000110100",0.595200,0.019620,0.535200,0.025787,0.616600,0.015180,0.619600,0.020972,0.578200,0.018941,0.565000,0.012530,0.584211,0.018354
"f000110101",0.647800,0.011712,0.545400,0.033119,0.583000,0.014595,0.588200,0.022600,0.626800,0.022842,0.569400,0.012870,0.592447,0.018304
"f000110110",0.686600,0.015825,0.462600,0.015207,0.705600,0.017223,0.704800,0.022112,0.615400,0.016151,0.575200,0.009432,0.618375,0.015517
"f000110111",0.698800,0.014918,0.521600,0.031264,0.711600,0.013017,0.695000,0.022913,0.649000,0.022472,0.615000,0.013892,0.644919,0.018748
"f000111000",0.549800,0.013637,0.412400,0.028744,0.502400,0.012579,0.589200,0.011461,0.457000,0.024187,0.440600,0.013477,0.488052,0.016251
"f000111001",0.564400,0.015895,0.569800,0.019025,0.499600,0.020294,0.526600,0.014644,0.592200,0.021568,0.514200,0.017560,0.543462,0.018002
"f000111010",0.611600,0.017591,0.536400,0.018195,0.643600,0.023217,0.674000,0.022716,0.548600,0.016001,0.588400,0.010268,0.598448,0.017398
"f000111011",0.666600,0.020553,0.554800,0.021283,0.627400,0.026744,0.655800,0.018664,0.612400,0.022141,0.591200,0.014918,0.616852,0.020402
"f000111100",0.630600,0.018699,0.521800,0.017966,0.585000,0.015524,0.636800,0.012238,0.572000,0.017889,0.540400,0.011825,0.579546,0.015431
"f000111101",0.651000,0.013892,0.570000,0.029257,0.588400,0.015538,0.596400,0.020274,0.643000,0.020322,0.578400,0.012706,0.603741,0.017915
"f000111110",0.660000,0.019079,0.466200,0.016839,0.716400,0.020373,0.714400,0.024589,0.593800,0.015606,0.578400,0.009871,0.614960,0.017076
"f000111111",0.700400,0.015615,0.522000,0.032187,0.695200,0.018027,0.685800,0.021734,0.642000,0.021541,0.611000,0.016031,0.639465,0.020203
"f001000000",0.584600,0.010433,0.327400,0.012298,0.568400,0.025168,0.517800,0.010448,0.380800,0.016714,0.561400,0.014001,0.478763,0.014111
"f001000001",0.612000,0.009798,0.483200,0.005075,0.511200,0.012906,0.627600,0.013351,0.538200,0.009315,0.464600,0.008766,0.536038,0.009422
"f001000010",0.598000,0.008485,0.297000,0.035285,0.561800,0.025274,0.547600,0.020451,0.368800,0.033979,0.517600,0.014908,0.467428,0.020688
"f001000011",0.645000,0.012207,0.457800,0.029209,0.503800,0.014952,0.537800,0.009228,0.510200,0.016552,0.546600,0.014087,0.530584,0.015017
"f001000100",0.601600,0.026409,0.475600,0.015121,0.551600,0.025874,0.509400,0.020338,0.527400,0.021708,0.594600,0.015259,0.541501,0.020282
"f001000101",0.748600,0.016734,0.459200,0.018422,0.535600,0.020991,0.571000,0.015000,0.570200,0.018600,0.595400,0.015901,0.573800,0.017499
"f001000110",0.676200,0.021715,0.450200,0.021493,0.600200,0.028460,0.576200,0.015478,0.552200,0.025635,0.595600,0.016268,0.570909,0.020999
"f001000111",0.735800,0.020793,0.489600,0.019795,0.598200,0.026884,0.627000,0.022561,0.557800,0.018899,0.625600,0.021740,0.601056,0.021636
"f001001000",0.507200,0.019395,0.373800,0.016720,0.529200,0.014400,0.475000,0.012845,0.424600,0.016639,0.510600,0.012714,0.466694,0.015272
"f001001001",0.573800,0.015085,0.515200,0.014034,0.459800,0.016910,0.546200,0.022261,0.539400,0.017252,0.464600,0.011526,0.514764,0.015849
"f001001010",0.586800,0.019125,0.326200,0.030521,0.602000,0.014832,0.581600,0.021388,0.382600,0.024150,0.540400,0.011825,0.490090,0.019374
"f001001011",0.632800,0.022364,0.471600,0.021667,0.537200,0.008953,0.529400,0.010082,0.530800,0.014538,0.580600,0.014479,0.544830,0.014477
"f001001100",0.589800,0.020247,0.477600,0.029159,0.554400,0.034708,0.504800,0.018893,0.547000,0.031129,0.574600,0.018353,0.539938,0.024592
"f001001101",0.717200,0.014566,0.469400,0.043745,0.561400,0.020495,0.559600,0.016728,0.599200,0.020769,0.594000,0.022716,0.578916,0.021653
"f001001110",0.641400,0.026834,0.445800,0.010018,0.577200,0.041667,0.540000,0.027055,0.555600,0.031947,0.575200,0.021563,0.552622,0.024356
"f001001111",0.712400,0.022141,0.470000,0.018000,0.599400,0.024200,0.603400,0.022236,0.556200,0.014407,0.613600,0.017408,0.587999,0.019429
"f001010000",0.622600,0.015596,0.403000,0.042953,0.510000,0.011662,0.587200,0.018225,0.437000,0.029816,0.503400,0.021318,0.504713,0.021189
"f001010001",0.666200,0.018099,0.611000,0.018138,0.574200,0.024420,0.659000,0.019416,0.606600,0.017505,0.583000,0.017692,0.615688,0.019077
"f001010010",0.650600,0.016542,0.440000,0.015362,0.523200,0.026940,0.623600,0.016095,0.490200,0.020927,0.499000,0.017464,0.532683,0.018514
"f001010011",0.684400,0.015641,0.580800,0.028903,0.564800,0.016278,0.635000,0.014731,0.621200,0.015829,0.568400,0.016292,0.607643,0.017421
"f001010100",0.611400,0.019597,0.518600,0.028285,0.567200,0.025222,0.610800,0.021433,0.547000,0.028583,0.544600,0.017687,0.565557,0.023089
"f001010101",0.669200,0.019783,0.606000,0.020785,0.552600,0.019780,0.640200,0.014351,0.628000,0.019287,0.558800,0.015955,0.607662,0.018164
"f001010110",0.664400,0.016871,0.497200,0.018335,0.658600,0.026458,0.684400,0.016752,0.586600,0.022236,0.572400,0.015435,0.606954,0.019001
"f001010111",0.716200,0.017876,0.571400,0.039192,0.663200,0.021302,0.714000,0.022450,0.655400,0.025315,0.601600,0.018693,0.651411,0.023265
"f001011000",0.519600,0.010947,0.474200,0.034064,0.499000,0.020025,0.611800,0.020851,0.445400,0.022379,0.464400,0.017682,0.499648,0.019874
"f001011001",0.622200,0.020424,0.596600,0.020650,0.556800,0.020143,0.629600,0.017316,0.588600,0.012963,0.556000,0.014142,0.590943,0.017317
"f001011010",0.620800,0.012303,0.452600,0.019059,0.543400,0.029367,0.621400,0.018869,0.515400,0.019515,0.493000,0.016643,0.537475,0.018659
"f001011011",0.673200,0.017938,0.610600,0.023783,0.542600,0.024561,0.608600,0.013858,0.627000,0.017578,0.584000,0.018974,0.606362,0.019092
"f001011100",0.611600,0.017013,0.529800,0.017831,0.562600,0.020377,0.629800,0.017943,0.545400,0.020021,0.537000,0.013892,0.568127,0.017710
"f001011101",0.662600,0.018954,0.596200,0.019276,0.556600,0.022857,0.627400,0.016469,0.643800,0.023056,0.547800,0.015270,0.604205,0.019091
"f001011110",0.658800,0.016810,0.506600,0.015825,0.666400,0.031226,0.671200,0.018830,0.599600,0.025609,0.580200,0.016308,0.610812,0.020068
"f001011111",0.711600,0.017130,0.578200,0.029099,0.654200,0.023159,0.698800,0.017046,0.660400,0.026303,0.602200,0.018793,0.649114,0.021445
"f001100000",0.497400,0.013537,0.389600,0.004883,0.606800,0.025569,0.428800,0.014511,0.500400,0.019896,0.576400,0.013529,0.494058,0.013696
"f001100001",0.565600,0.016512,0.492800,0.014148,0.481400,0.016372,0.550000,0.012961,0.511400,0.015749,0.477400,0.009552,0.512014,0.013978
"f001100010",0.520200,0.017831,0.280000,0.031749,0.643200,0.019229,0.446200,0.022529,0.370800,0.026746,0.605400,0.020612,0.459266,0.022655
"f001100011",0.621400,0.016249,0.438600,0.013268,0.591000,0.016523,0.594000,0.014967,0.471000,0.015780,0.580000,0.013266,0.544767,0.014949
"f001100100",0.630000,0.017776,0.512200,0.023773,0.618400,0.029957,0.545600,0.026620,0.603000,0.023516,0.623200,0.020827,0.587009,0.023421
"f001100101",0.727800,0.023003,0.504000,0.028000,0.601000,0.021000,0.569200,0.014400,0.620000,0.021817,0.652200,0.022916,0.608451,0.021449
"f001100110",0.645800,0.027719,0.430200,0.017145,0.605600,0.022375,0.535400,0.020121,0.548200,0.033448,0.600800,0.011461,0.556395,0.020844
"f001100111",0.733200,0.016904,0.466000,0.028566,0.664200,0.036005,0.620200,0.022135,0.600800,0.032486,0.643200,0.015930,0.615535,0.024166
"f001101000",0.454600,0.020514,0.391400,0.039090,0.602000,0.017436,0.440400,0.022087,0.491200,0.026202,0.526000,0.013565,0.479722,0.021881
"f001101001",0.559600,0.018864,0.486200,0.026373,0.444400,0.020314,0.527400,0.013238,0.513200,0.017022,0.448400,0.016292,0.494796,0.018263
"f001101010",0.560600,0.019739,0.280600,0.023699,0.632800,0.015626,0.475800,0.019297,0.417800,0.027517,0.565200,0.016881,0.472898,0.020078
"f001101011",0.649200,0.015980,0.441400,0.015233,0.565600,0.014023,0.570800,0.011285,0.496200,0.013984,0.578000,0.010954,0.546133,0.013443
"f001101100",0.596800,0.028456,0.472000,0.012000,0.604400,0.019200,0.507400,0.016347,0.568800,0.019041,0.607400,0.013388,0.556946,0.017355
"f001101101",0.707000,0.024515,0.520000,0.034351,0.579200,0.022789,0.563800,0.015734,0.628800,0.021600,0.620800,0.021056,0.600445,0.022714
"f001101110",0.639600,0.024410,0.421600,0.018150,0.591400,0.030067,0.521000,0.020712,0.555200,0.027440,0.585200,0.017803,0.547705,0.022644
"f001101111",0.725200,0.017577,0.462200,0.028865,0.646000,0.040000,0.611400,0.025457,0.592600,0.031611,0.628800,0.018936,0.605601,0.026005
"f001110000",0.590200,0.021212,0.489000,0.018894,0.496400,0.018521,0.624600,0.018677,0.516600,0.016076,0.455600,0.016390,0.525509,0.018216
"f001110001",0.634200,0.017446,0.608600,0.024739,0.566400,0.020076,0.635400,0.022379,0.597200,0.018004,0.573800,0.019687,0.602007,0.020239
"f001110010",0.613000,0.013892,0.497400,0.026819,0.554200,0.033412,0.639600,0.021350,0.529400,0.022397,0.512200,0.019109,0.555257,0.022012
"f001110011",0.682200,0.016036,0.553800,0.010750,0.594200,0.011677,0.624600,0.013742,0.616600,0.018397,0.587800,0.009652,0.608610,0.013038
"f001110100",0.605600,0.020510,0.533600,0.024063,0.596600,0.017391,0.626800,0.018159,0.567200,0.016497,0.555000,0.014595,0.579928,0.018297
"f001110101",0.693600,0.021425,0.585400,0.018353,0.559800,0.025099,0.594200,0.018231,0.685200,0.022112,0.569600,0.014827,0.612330,0.019730
"f001110110",0.636600,0.013055,0.521200,0.018616,0.670800,0.032301,0.677800,0.017696,0.597000,0.026249,0.580800,0.013242,0.611544,0.019083
"f001110111",0.720600,0.015021,0.539800,0.030691,0.689400,0.020824,0.691400,0.024739,0.667000,0.022561,0.613200,0.015025,0.650593,0.020780
"f001111000",0.584400,0.018128,0.521400,0.015233,0.492200,0.017583,0.635400,0.017113,0.511200,0.018616,0.467600,0.012419,0.532422,0.016365
"f001111001",0.600800,0.018422,0.599000,0.021564,0.556400,0.023644,0.618800,0.023293,0.593600,0.020076,0.548600,0.018548,0.585653,0.020821
"f001111010",0.613200,0.014892,0.492400,0.023627,0.557800,0.027003,0.631600,0.023947,0.541800,0.019564,0.508600,0.017551,0.555277,0.020676
"f001111011",0.666800,0.018049,0.564000,0.022450,0.576800,0.019436,0.595000,0.012042,0.610800,0.023903,0.597200,0.013571,0.600905,0.017701
"f001111100",0.590400,0.018757,0.538600,0.033586,0.603200,0.018269,0.629400,0.022839,0.571200,0.024053,0.549800,0.017262,0.579605,0.021861
"f001111101",0.693800,0.021061,0.584600,0.013298,0.568400,0.025089,0.600000,0.019079,0.683000,0.021471,0.573400,0.013800,0.615124,0.018472
"f001111110",0.629600,0.016608,0.514800,0.017116,0.664000,0.030332,0.648800,0.023034,0.593800,0.026525,0.584200,0.012975,0.603760,0.020221
"f001111111",0.708800,0.015702,0.549000,0.027000,0.671400,0.027277,0.687400,0.021616,0.653200,0.029288,0.607200,0.016738,0.643839,0.022287
"f010000000",0.031600,0.003666,0.035600,0.005352,0.774400,0.021369,0.123800,0.043492,0.225600,0.038114,0.330800,0.005600,0.141565,0.012542
"f010000001",0.876400,0.005919,0.561000,0.008544,0.036000,0.005657,0.429800,0.001400,0.527600,0.008139,0.476000,0.071582,0.352255,0.007846
"f010000010",0.359800,0.038026,0.075400,0.019617,0.569400,0.002375,0.284200,0.024987,0.088800,0.022328,0.628400,0.005044,0.250142,0.013070
"f010000011",0.804200,0.004936,0.441000,0.007550,0.500000,0.000000,0.614200,0.004936,0.488800,0.005879,0.611000,0.007550,0.564992,0.000000
"f010000100",0.604600,0.016274,0.410600,0.027958,0.542800,0.033409,0.534800,0.023853,0.495600,0.021369,0.525600,0.016512,0.515526,0.022447
"f010000101",0.640600,0.012555,0.504400,0.020991,0.556600,0.018288,0.578200,0.009938,0.566000,0.014142,0.554400,0.013588,0.565289,0.014477
"f010000110",0.605400,0.018134,0.455000,0.024187,0.623400,0.011595,0.505600,0.015641,0.559600,0.018650,0.631000,0.015264,0.559443,0.016820
"f010000111",0.721000,0.015133,0.511800,0.027327,0.688800,0.007111,0.643600,0.008890,0.637600,0.019956,0.647000,0.015395,0.638067,0.014151
"f010001000",0.155800,0.008022,0.120000,0.002828,0.833000,0.006083,0.544200,0.026007,0.423200,0.015158,0.380600,0.002375,0.333064,0.007110
"f010001001",0.176400,0.012126,0.566000,0.004899,0.204800,0.027874,0.220200,0.015426,0.517400,0.005589,0.188000,0.021726,0.275576,0.012076
"f010001010",0.367000,0.004583,0.566000,0.036824,0.512800,0.005671,0.567800,0.031323,0.351000,0.015264,0.663000,0.010440,0.491369,0.012978
"f010001011",0.791800,0.009315,0.462600,0.023564,0.490000,0.010198,0.581400,0.004477,0.496400,0.014800,0.642600,0.017299,0.567167,0.011700
"f010001100",0.547600,0.011926,0.518600,0.013858,0.543800,0.018643,0.514800,0.014865,0.520000,0.011662,0.574000,0.011832,0.536062,0.013597
"f010001101",0.629400,0.022397,0.503800,0.016111,0.521600,0.017477,0.554200,0.016136,0.551200,0.017736,0.545200,0.015778,0.549552,0.017475
"f010001110",0.610000,0.016852,0.449200,0.043719,0.596000,0.011832,0.500600,0.020824,0.545800,0.021826,0.615800,0.014435,0.549326,0.019629
"f010001111",0.700200,0.020148,0.515600,0.008980,0.621800,0.012914,0.639200,0.011973,0.567800,0.013159,0.625400,0.010993,0.608877,0.012624
"f010010000",0.525000,0.020322,0.372400,0.028253,0.439600,0.024245,0.582000,0.016125,0.376000,0.021633,0.404400,0.017339,0.443464,0.020936
"f010010001",0.607200,0.013121,0.568600,0.012330,0.524800,0.011179,0.638600,0.012492,0.585200,0.010628,0.494400,0.012831,0.567707,0.012063
"f010010010",0.613600,0.015844,0.556600,0.016566,0.624600,0.010433,0.711400,0.018001,0.537400,0.011101,0.578200,0.008412,0.601063,0.012898
"f010010011",0.657600,0.011926,0.568200,0.018835,0.609800,0.012081,0.690600,0.012870,0.591000,0.010630,0.570600,0.009677,0.613008,0.012376
"f010010100",0.643400,0.014087,0.578200,0.028684,0.587000,0.016523,0.654800,0.012040,0.577000,0.018138,0.578600,0.013418,0.602296,0.016415
"f010010101",0.650800,0.010741,0.553600,0.032047,0.572800,0.017093,0.625000,0.023173,0.597400,0.018090,0.557200,0.014288,0.591744,0.018107
"f010010110",0.687400,0.013238,0.489600,0.018326,0.678000,0.020494,0.693800,0.011982,0.599600,0.024573,0.583200,0.012875,0.617351,0.016313
"f010010111",0.717000,0.018682,0.530400,0.040594,0.662400,0.019345,0.693800,0.022618,0.615200,0.023259,0.609600,0.016488,0.634975,0.022427
"f010011000",0.516000,0.011314,0.372400,0.022321,0.518400,0.025168,0.643400,0.013654,0.378400,0.018150,0.440200,0.014627,0.469247,0.016869
"f010011001",0.602400,0.019855,0.552000,0.018655,0.532800,0.020595,0.642400,0.015819,0.571800,0.015709,0.494400,0.015513,0.563966,0.017569
"f010011010",0.594400,0.006375,0.526800,0.016546,0.667800,0.019109,0.709400,0.013915,0.529600,0.014136,0.583600,0.011092,0.598257,0.012800
"f010011011",0.683000,0.013892,0.596800,0.012238,0.623400,0.019454,0.699400,0.017136,0.613000,0.015264,0.600200,0.011044,0.634721,0.014567
"f010011100",0.625000,0.018248,0.552600,0.027482,0.563800,0.017764,0.629400,0.013025,0.570400,0.018969,0.545400,0.014589,0.580149,0.017828
"f010011101",0.657000,0.014457,0.553600,0.029783,0.589400,0.015545,0.623200,0.019125,0.620800,0.024482,0.563400,0.014087,0.600152,0.018800
"f010011110",0.689800,0.014351,0.504800,0.022203,0.697800,0.017238,0.698200,0.014925,0.620000,0.019799,0.599000,0.013000,0.630805,0.016623
"f010011111",0.712800,0.019291,0.554200,0.024907,0.672000,0.017776,0.692200,0.020619,0.640200,0.021212,0.615600,0.019407,0.645617,0.020420
"f010100000",0.250000,0.000000,0.387800,0.011539,0.670800,0.006882,0.530400,0.001960,0.427400,0.005589,0.441600,0.004176,0.432117,0.000000
"f010100001",0.404000,0.006928,0.482200,0.023689,0.338800,0.012432,0.370600,0.006453,0.519200,0.015211,0.346600,0.010698,0.404828,0.011354
"f010100010",0.363800,0.007972,0.286400,0.035313,0.705400,0.023342,0.614600,0.055793,0.399800,0.041012,0.449000,0.009434,0.448221,0.022837
"f010100011",0.793800,0.009775,0.350400,0.025997,0.545600,0.008980,0.604600,0.005370,0.459600,0.016366,0.585000,0.013153,0.539542,0.011755
"f010100100",0.542200,0.015785,0.394000,0.018868,0.610800,0.018638,0.475800,0.014979,0.492600,0.015467,0.583400,0.013507,0.511179,0.016093
"f010100101",0.633000,0.013892,0.550000,0.011662,0.605000,0.020905,0.558200,0.015191,0.622400,0.016439,0.612800,0.012172,0.596051,0.014749
"f010100110",0.572200,0.020029,0.372400,0.050658,0.640800,0.023566,0.467200,0.024003,0.553600,0.033631,0.591800,0.022243,0.524838,0.027466
"f010100111",0.691600,0.016657,0.479000,0.024515,0.689000,0.024597,0.637200,0.023498,0.593000,0.027803,0.631000,0.016763,0.615595,0.021889
"f010101000",0.296200,0.011814,0.371200,0.033084,0.641200,0.012750,0.516200,0.029454,0.399200,0.023566,0.456200,0.005963,0.433403,0.016560
"f010101001",0.457600,0.015041,0.461600,0.023096,0.346200,0.030587,0.413600,0.017973,0.498200,0.013220,0.357400,0.018310,0.418668,0.018944
"f010101010",0.443600,0.007684,0.309400,0.015926,0.660000,0.022539,0.643400,0.020358,0.377800,0.019625,0.466800,0.009042,0.466289,0.014669
"f010101011",0.795800,0.014295,0.380200,0.021954,0.513800,0.006896,0.581400,0.008002,0.468400,0.014051,0.608200,0.012758,0.543406,0.012078
"f010101100",0.498800,0.013659,0.404200,0.014155,0.644000,0.019494,0.462200,0.014323,0.507400,0.015976,0.585000,0.013304,0.511043,0.015018
"f010101101",0.662400,0.014637,0.520000,0.022271,0.624200,0.018231,0.583600,0.012611,0.610800,0.021433,0.619000,0.017464,0.601671,0.017431
"f010101110",0.569200,0.013393,0.343400,0.026878,0.639400,0.029760,0.511800,0.027400,0.479600,0.032800,0.561000,0.021471,0.508117,0.024316
"f010101111",0.709800,0.015810,0.440800,0.043213,0.686200,0.031616,0.644800,0.021094,0.572400,0.034673,0.621000,0.025000,0.605351,0.027087
"f010110000",0.522400,0.008381,0.402400,0.021030,0.439200,0.020769,0.542600,0.018634,0.435400,0.017912,0.403000,0.013454,0.454290,0.015946
"f010110001",0.570800,0.021985,0.592800,0.011669,0.457600,0.019855,0.513200,0.015289,0.595200,0.016762,0.502800,0.015367,0.536254,0.016484
"f010110010",0.592400,0.004271,0.553200,0.015677,0.629800,0.022315,0.634400,0.017107,0.574000,0.016733,0.579600,0.010947,0.593176,0.012934
"f010110011",0.673800,0.018209,0.569000,0.010817,0.632000,0.024658,0.669200,0.016594,0.598600,0.013713,0.612600,0.011800,0.624748,0.015342
"f010110100",0.627600,0.015692,0.541000,0.019925,0.617600,0.020646,0.631600,0.012387,0.601200,0.021320,0.568400,0.011200,0.596967,0.016349
"f010110101",0.650000,0.022539,0.556600,0.035755,0.591000,0.016279,0.580600,0.025331,0.635400,0.025784,0.587600,0.016919,0.599342,0.022920
"f010110110",0.674000,0.016000,0.482000,0.016248,0.720200,0.019441,0.714600,0.020805,0.608000,0.020494,0.592400,0.010688,0.626071,0.016868
"f010110111",0.713000,0.013601,0.522400,0.026500,0.707600,0.018062,0.700800,0.025206,0.653400,0.021034,0.614800,0.012528,0.648233,0.018735
"f010111000",0.548000,0.016248,0.456200,0.023400,0.486000,0.010583,0.588600,0.015101,0.463600,0.019262,0.452400,0.012419,0.496603,0.015622
"f010111001",0.547000,0.015524,0.547000,0.013304,0.503400,0.022415,0.524600,0.016151,0.584800,0.014034,0.493800,0.016111,0.532573,0.016020
"f010111010",0.604600,0.008991,0.547600,0.014221,0.622200,0.019214,0.695000,0.013601,0.535600,0.017107,0.573800,0.009357,0.594166,0.013224
"f010111011",0.681600,0.015538,0.556200,0.019889,0.611600,0.021294,0.652000,0.018974,0.594000,0.016971,0.602600,0.017299,0.615010,0.018226
"f010111100",0.602000,0.021354,0.551800,0.028262,0.623400,0.019658,0.633600,0.018843,0.593600,0.021049,0.567800,0.012213,0.594668,0.019644
"f010111101",0.650200,0.015683,0.570400,0.026530,0.592600,0.013238,0.593200,0.017256,0.647600,0.018500,0.582000,0.012806,0.605206,0.016804
"f010111110",0.643000,0.020025,0.487200,0.019600,0.721000,0.018894,0.708400,0.018478,0.587400,0.024479,0.592200,0.012376,0.617906,0.018608
"f010111111",0.711800,0.016696,0.529600,0.028842,0.705800,0.018231,0.691000,0.021840,0.656600,0.021782,0.622400,0.015692,0.649590,0.020079
"f011000000",0.566400,0.013381,0.326200,0.018427,0.500000,0.020100,0.511600,0.016415,0.366400,0.014389,0.500600,0.015416,0.453237,0.016195
"f011000001",0.592000,0.012490,0.491200,0.007652,0.405000,0.020125,0.547800,0.012851,0.525600,0.014988,0.411600,0.014051,0.490680,0.013165
"f011000010",0.612200,0.012695,0.279000,0.029749,0.589400,0.017822,0.582200,0.024107,0.383000,0.030216,0.498400,0.010072,0.472926,0.019154
"f011000011",0.644200,0.019808,0.447400,0.013388,0.542000,0.013416,0.547800,0.011539,0.527400,0.013238,0.555600,0.010984,0.541012,0.013469
"f011000100",0.589400,0.024365,0.464200,0.028642,0.517200,0.023752,0.492200,0.021752,0.511200,0.016327,0.568800,0.019661,0.522089,0.022076
"f011000101",0.728200,0.018729,0.459600,0.028842,0.509200,0.010925,0.547400,0.011456,0.558000,0.015748,0.584800,0.016278,0.558784,0.016087
"f011000110",0.680400,0.029118,0.451000,0.027946,0.594200,0.032068,0.567400,0.021053,0.565200,0.036400,0.595400,0.018784,0.571429,0.026861
"f011000111",0.748000,0.022091,0.471600,0.023610,0.592000,0.025456,0.627200,0.023668,0.543200,0.017486,0.625200,0.024514,0.595247,0.022641
"f011001000",0.474200,0.017446,0.408800,0.020846,0.517400,0.027627,0.464400,0.016871,0.470800,0.020961,0.474400,0.017794,0.467228,0.019959
"f011001001",0.552000,0.013565,0.500400,0.014961,0.414800,0.013303,0.499000,0.014318,0.535600,0.016020,0.432000,0.010770,0.486318,0.013720
"f011001010",0.598600,0.017322,0.325400,0.023766,0.580600,0.013477,0.575000,0.018248,0.408400,0.020036,0.508800,0.009086,0.488040,0.016253
"f011001011",0.665600,0.017906,0.442000,0.016733,0.544400,0.010800,0.532800,0.008495,0.539400,0.015800,0.579400,0.012714,0.546598,0.013295
"f011001100",0.592200,0.024843,0.434000,0.021726,0.554200,0.028712,0.486800,0.018809,0.528600,0.022540,0.572200,0.018793,0.525140,0.022314
"f011001101",0.724400,0.018018,0.500000,0.035833,0.503600,0.018736,0.542800,0.018872,0.588400,0.022303,0.594800,0.021931,0.570978,0.021944
"f011001110",0.657000,0.028583,0.431800,0.031413,0.576800,0.037918,0.536000,0.023749,0.559400,0.038022,0.576600,0.023547,0.552000,0.029965
"f011001111",0.723000,0.020809,0.458000,0.022804,0.610600,0.028243,0.611200,0.020556,0.551000,0.022561,0.619200,0.019984,0.589958,0.022337
"f011010000",0.576200,0.014407,0.408400,0.029756,0.495800,0.013430,0.606200,0.016958,0.408800,0.020653,0.474200,0.017331,0.489225,0.018081
"f011010001",0.638400,0.014746,0.579600,0.013705,0.577800,0.019421,0.617400,0.019474,0.600800,0.014400,0.576000,0.015362,0.597888,0.016021
"f011010010",0.634800,0.013303,0.432400,0.019956,0.511400,0.027641,0.626400,0.016824,0.464800,0.019924,0.488200,0.017966,0.520795,0.018803
"f011010011",0.692800,0.016497,0.560600,0.026185,0.586400,0.020665,0.636000,0.018221,0.615200,0.013891,0.586000,0.014832,0.611370,0.017956
"f011010100",0.613800,0.019687,0.516400,0.024393,0.568200,0.021972,0.621200,0.020846,0.547200,0.024416,0.537800,0.014183,0.566133,0.020589
"f011010101",0.673400,0.016806,0.595200,0.018027,0.562200,0.017583,0.634200,0.019297,0.643000,0.023516,0.555600,0.014854,0.609075,0.018163
"f011010110",0.673800,0.019482,0.498400,0.017477,0.658600,0.026078,0.686200,0.017764,0.588600,0.024658,0.574600,0.011868,0.609623,0.018940
"f011010111",0.734600,0.017574,0.555200,0.035227,0.666200,0.021156,0.718800,0.020653,0.650000,0.024576,0.602400,0.016194,0.651506,0.021811
"f011011000",0.525600,0.011517,0.439600,0.021257,0.484200,0.018557,0.567400,0.018200,0.423600,0.014664,0.469800,0.015936,0.482595,0.016381
"f011011001",0.624200,0.015886,0.560400,0.017884,0.557600,0.022141,0.620200,0.018814,0.573400,0.011595,0.549400,0.015416,0.580101,0.016630
"f011011010",0.625000,0.013000,0.470400,0.021814,0.520800,0.029856,0.633400,0.017957,0.499600,0.017659,0.492200,0.016887,0.536509,0.018883
"f011011011",0.686800,0.019742,0.604200,0.021734,0.568400,0.027008,0.620400,0.016243,0.638600,0.015622,0.594400,0.018991,0.617695,0.019551
"f011011100",0.580400,0.020587,0.523200,0.031651,0.562800,0.027571,0.621800,0.023553,0.528600,0.023917,0.528600,0.019699,0.556471,0.024170
"f011011101",0.663000,0.017804,0.601800,0.026884,0.536000,0.024658,0.620200,0.017377,0.637400,0.021800,0.541800,0.016333,0.598162,0.020445
"f011011110",0.664800,0.020904,0.505600,0.016020,0.650800,0.027773,0.668600,0.020101,0.590600,0.025644,0.579600,0.012484,0.607094,0.019778
"f011011111",0.725800,0.020109,0.569800,0.034496,0.657800,0.025083,0.693600,0.020858,0.664400,0.026012,0.610400,0.019489,0.651575,0.023849
"f011100000",0.459400,0.015416,0.393200,0.008818,0.542800,0.027279,0.425000,0.013304,0.475200,0.013891,0.502200,0.017238,0.463729,0.015091
"f011100001",0.556800,0.021581,0.495800,0.016259,0.451400,0.021449,0.522800,0.014566,0.529000,0.017916,0.451600,0.013321,0.499672,0.017230
"f011100010",0.552200,0.018793,0.269400,0.010846,0.630200,0.014763,0.487400,0.017414,0.387000,0.018138,0.553600,0.017408,0.462517,0.015963
"f011100011",0.654600,0.020220,0.417600,0.016317,0.600600,0.008811,0.588000,0.013416,0.483200,0.016904,0.589600,0.007990,0.549411,0.013191
"f011100100",0.610200,0.024289,0.474000,0.016971,0.614200,0.020405,0.513400,0.020843,0.555800,0.020307,0.636600,0.016323,0.564244,0.019681
"f011100101",0.747800,0.018578,0.521000,0.035454,0.587800,0.017238,0.571200,0.014784,0.633800,0.021899,0.657600,0.021500,0.615780,0.020716
"f011100110",0.666800,0.019436,0.381600,0.043098,0.587600,0.019653,0.524200,0.025226,0.525800,0.043639,0.587600,0.015174,0.537874,0.025501
"f011100111",0.748800,0.016570,0.452400,0.028182,0.680000,0.042849,0.628000,0.023580,0.602000,0.029326,0.651000,0.019313,0.619806,0.025379
"f011101000",0.509600,0.018326,0.410800,0.019984,0.525600,0.014305,0.463600,0.013966,0.494800,0.019104,0.498000,0.016852,0.482192,0.016931
"f011101001",0.582000,0.022627,0.510000,0.019900,0.432200,0.018899,0.509000,0.019313,0.545800,0.018771,0.464400,0.015768,0.504820,0.019106
"f011101010",0.568000,0.023749,0.264600,0.015901,0.625200,0.014999,0.488600,0.019597,0.394400,0.021648,0.552400,0.017951,0.464177,0.018727
"f011101011",0.671400,0.023917,0.430200,0.014898,0.578200,0.016455,0.557800,0.014871,0.509600,0.018435,0.599800,0.011574,0.552596,0.016278
"f011101100",0.581200,0.024628,0.462800,0.016857,0.585800,0.027283,0.485000,0.021190,0.554000,0.013856,0.603000,0.016882,0.542633,0.019568
"f011101101",0.720600,0.028313,0.531400,0.034410,0.570400,0.018326,0.566000,0.019494,0.635200,0.021189,0.625400,0.022997,0.605150,0.023527
"f011101110",0.660600,0.029217,0.377000,0.043000,0.581200,0.028329,0.511400,0.026609,0.533600,0.043761,0.581200,0.015829,0.533111,0.029477
"f011101111",0.736200,0.016600,0.438600,0.026908,0.660200,0.039115,0.609600,0.022087,0.586800,0.037387,0.637400,0.016590,0.604108,0.024918
"f011110000",0.595200,0.021931,0.497800,0.032514,0.475000,0.024104,0.660200,0.021212,0.469800,0.019848,0.459800,0.021023,0.521309,0.023105
"f011110001",0.630000,0.023409,0.591800,0.019666,0.567000,0.021190,0.609000,0.020518,0.616200,0.015085,0.564800,0.019415,0.595967,0.019710
"f011110010",0.614000,0.013711,0.502800,0.020104,0.547400,0.024561,0.643800,0.019482,0.522400,0.015945,0.513600,0.012452,0.554891,0.017232
"f011110011",0.698800,0.015315,0.554400,0.012986,0.601800,0.013812,0.628600,0.012330,0.618800,0.016204,0.606000,0.011314,0.616601,0.013557
"f011110100",0.599000,0.016882,0.545800,0.030990,0.607800,0.018143,0.637800,0.027371,0.579800,0.021306,0.553600,0.014800,0.586449,0.020840
"f011110101",0.688400,0.018586,0.581600,0.019221,0.569200,0.018422,0.585600,0.016989,0.684600,0.021467,0.579800,0.014898,0.612831,0.018151
"f011110110",0.632400,0.015435,0.506200,0.022440,0.665200,0.026776,0.671200,0.021132,0.584200,0.023756,0.573400,0.014507,0.602591,0.020180
"f011110111",0.724200,0.015504,0.538200,0.019768,0.696600,0.021034,0.705200,0.018573,0.661200,0.026355,0.615400,0.011868,0.653529,0.018291
"f011111000",0.581600,0.019221,0.519800,0.020832,0.504200,0.026540,0.656600,0.019961,0.510800,0.017758,0.466800,0.017826,0.536567,0.020161
"f011111001",0.621000,0.019313,0.588400,0.016776,0.554600,0.024430,0.605200,0.021470,0.602800,0.019498,0.555200,0.018465,0.587324,0.019851
"f011111010",0.615200,0.013452,0.502400,0.030696,0.558600,0.028636,0.640600,0.020436,0.540400,0.022267,0.513400,0.015698,0.559527,0.020947
"f011111011",0.693400,0.014507,0.550600,0.013625,0.584600,0.017687,0.608200,0.013220,0.614200,0.020503,0.601800,0.014925,0.607316,0.015551
"f011111100",0.582000,0.017436,0.566200,0.033935,0.616200,0.022171,0.646400,0.023303,0.589800,0.022404,0.554000,0.015362,0.591637,0.021728
"f011111101",0.686600,0.020553,0.587000,0.018466,0.573800,0.019788,0.589600,0.019179,0.685400,0.019412,0.582400,0.013793,0.615608,0.018381
"f011111110",0.633800,0.017764,0.507200,0.018872,0.654200,0.038683,0.653000,0.023087,0.587200,0.031115,0.575800,0.018983,0.599518,0.023692
"f011111111",0.714000,0.016733,0.546200,0.024730,0.681200,0.028819,0.682000,0.020199,0.664600,0.031636,0.616000,0.014967,0.648199,0.022022
"f100000000",0.678200,0.007922,0.378800,0.016327,0.567200,0.008953,0.656000,0.010583,0.446800,0.011565,0.513400,0.008628,0.529049,0.010341
"f100000001",0.668000,0.015100,0.503200,0.021949,0.580000,0.015748,0.689000,0.011705,0.545000,0.018682,0.532000,0.011832,0.582209,0.015431
"f100000010",0.714200,0.013869,0.405600,0.018779,0.621000,0.012530,0.708600,0.008720,0.442800,0.014428,0.587400,0.011456,0.566794,0.012944
"f100000011",0.733000,0.014457,0.415000,0.011874,0.598200,0.012278,0.719400,0.011560,0.461000,0.013304,0.560800,0.011107,0.568739,0.012380
"f100000100",0.637000,0.012845,0.422800,0.015367,0.541200,0.023034,0.632000,0.017205,0.470000,0.014000,0.503400,0.014368,0.528518,0.015830
"f100000101",0.692800,0.013717,0.479800,0.016430,0.636800,0.017139,0.712800,0.013422,0.529000,0.019723,0.580600,0.009468,0.599324,0.014599
"f100000110",0.693600,0.012611,0.469000,0.023516,0.578400,0.017130,0.620600,0.011209,0.543200,0.021302,0.568800,0.015829,0.574831,0.016364
"f100000111",0.757200,0.012812,0.472200,0.033484,0.626000,0.021166,0.721000,0.018358,0.544400,0.024344,0.587800,0.017583,0.610238,0.020366
"f100001000",0.647600,0.019137,0.456400,0.022069,0.556000,0.018000,0.709800,0.009271,0.481000,0.018138,0.498200,0.013370,0.550895,0.016050
"f100001001",0.653600,0.018843,0.485400,0.016274,0.573600,0.015844,0.701800,0.009315,0.515400,0.015259,0.517200,0.014006,0.569298,0.014597
"f100001010",0.654800,0.019104,0.473600,0.019571,0.537000,0.017578,0.693600,0.015461,0.409200,0.015854,0.588000,0.013856,0.550368,0.016780
"f100001011",0.686600,0.013208,0.449200,0.014538,0.589600,0.009790,0.688000,0.012166,0.457600,0.012737,0.578400,0.011893,0.566675,0.012301
"f100001100",0.620400,0.016608,0.444400,0.020215,0.565800,0.020503,0.613000,0.014177,0.498000,0.019391,0.524600,0.014861,0.540677,0.017438
"f100001101",0.693800,0.012311,0.456600,0.020939,0.644200,0.017899,0.707400,0.016225,0.516000,0.016248,0.581000,0.012042,0.592534,0.015642
"f100001110",0.662400,0.018500,0.463400,0.020160,0.583000,0.011874,0.620200,0.013783,0.524200,0.016863,0.559600,0.012322,0.565078,0.015271
"f100001111",0.751200,0.014784,0.457600,0.021685,0.637400,0.023135,0.731800,0.020851,0.525400,0.018353,0.589600,0.016120,0.606293,0.018912
"f100010000",0.743800,0.011294,0.423600,0.029917,0.523600,0.022159,0.731000,0.010247,0.471600,0.022482,0.489800,0.018275,0.550580,0.017773
"f100010001",0.761800,0.011435,0.536400,0.017293,0.583000,0.019723,0.753400,0.014087,0.579800,0.015810,0.552800,0.013273,0.621315,0.015030
"f100010010",0.804400,0.008285,0.480000,0.022450,0.675400,0.019205,0.763000,0.013153,0.576200,0.018856,0.616600,0.012745,0.643027,0.014978
"f100010011",0.778800,0.014232,0.547200,0.034931,0.642400,0.022500,0.783000,0.014457,0.579400,0.023014,0.611800,0.019255,0.650810,0.020380
"f100010100",0.773800,0.017423,0.522200,0.022476,0.575000,0.014731,0.719200,0.013393,0.577600,0.014500,0.563000,0.011358,0.615441,0.015279
"f100010101",0.792200,0.014323,0.528800,0.019250,0.627400,0.020862,0.772800,0.014006,0.603200,0.017256,0.582800,0.015367,0.644100,0.016658
"f100010110",0.782000,0.014422,0.520000,0.021909,0.698600,0.017437,0.796000,0.014560,0.605800,0.018010,0.617000,0.014318,0.662462,0.016568
"f100010111",0.806200,0.009775,0.542600,0.030319,0.681400,0.014698,0.822400,0.017614,0.601200,0.020942,0.621400,0.017206,0.671377,0.017389
"f100011000",0.764200,0.016136,0.424000,0.024000,0.483000,0.025554,0.719200,0.009130,0.450600,0.020631,0.483400,0.022415,0.538987,0.018628
"f100011001",0.758400,0.015920,0.510600,0.021110,0.584400,0.018238,0.764600,0.014995,0.560000,0.016852,0.540400,0.014277,0.611652,0.016754
"f100011010",0.769600,0.016728,0.506000,0.017205,0.627800,0.021288,0.767400,0.016590,0.547000,0.017804,0.593800,0.013250,0.627308,0.016981
"f100011011",0.764600,0.010993,0.554400,0.031315,0.621200,0.022239,0.791400,0.016494,0.559000,0.023431,0.601400,0.020101,0.642062,0.019757
"f100011100",0.762800,0.014702,0.529800,0.018707,0.582800,0.010400,0.720600,0.008811,0.572400,0.011412,0.574000,0.012490,0.618099,0.012376
"f100011101",0.804800,0.015131,0.530600,0.024034,0.603800,0.025131,0.760200,0.011915,0.589800,0.021954,0.585800,0.017899,0.638442,0.018702
"f100011110",0.776600,0.011935,0.529200,0.021151,0.692600,0.022962,0.785200,0.016642,0.611000,0.019621,0.618200,0.012114,0.662331,0.016855
"f100011111",0.804000,0.009381,0.543600,0.034800,0.669000,0.021284,0.809800,0.020346,0.604600,0.022557,0.613400,0.016925,0.666692,0.019440
"f100100000",0.708200,0.011609,0.425400,0.020220,0.625400,0.016396,0.693000,0.014595,0.484200,0.013724,0.581000,0.009000,0.576555,0.013810
"f100100001",0.649400,0.010660,0.599400,0.013915,0.587000,0.015395,0.671400,0.014284,0.584800,0.014034,0.584000,0.010392,0.611709,0.012969
"f100100010",0.715600,0.020704,0.417400,0.018090,0.551600,0.015279,0.705600,0.015121,0.406400,0.016704,0.572600,0.012460,0.547901,0.016190
"f100100011",0.711800,0.014098,0.513200,0.018809,0.629000,0.013892,0.702000,0.015875,0.549800,0.015164,0.606000,0.013711,0.614306,0.015164
"f100100100",0.654000,0.014422,0.617200,0.028778,0.695000,0.016523,0.647200,0.015497,0.643600,0.017523,0.678000,0.016371,0.655358,0.017675
"f100100101",0.667600,0.020155,0.552600,0.024150,0.731800,0.025115,0.721400,0.016734,0.598000,0.022891,0.651400,0.014562,0.650640,0.020213
"f100100110",0.660600,0.019122,0.486600,0.017845,0.664400,0.024262,0.652800,0.018978,0.556000,0.021726,0.607000,0.013454,0.600847,0.018924
"f100100111",0.750400,0.015615,0.486800,0.031333,0.708800,0.025190,0.748600,0.025378,0.574800,0.024268,0.630600,0.019122,0.642364,0.022925
"f100101000",0.721800,0.017400,0.457800,0.018899,0.581200,0.014648,0.702800,0.012812,0.505400,0.016274,0.549400,0.011386,0.578490,0.015010
"f100101001",0.658400,0.016292,0.543400,0.017619,0.584800,0.015778,0.668000,0.013856,0.546400,0.016095,0.573800,0.015606,0.593760,0.015835
"f100101010",0.707600,0.016800,0.424200,0.025305,0.514600,0.019617,0.701200,0.012106,0.400200,0.018492,0.546000,0.018655,0.535825,0.018071
"f100101011",0.706000,0.017889,0.471200,0.013659,0.633000,0.013304,0.695800,0.015504,0.543800,0.015348,0.579200,0.010553,0.598909,0.014190
"f100101100",0.632200,0.022026,0.554800,0.021563,0.676600,0.020358,0.642600,0.023049,0.600400,0.019179,0.627400,0.013829,0.621167,0.019737
"f100101101",0.670200,0.013489,0.549400,0.033847,0.690800,0.020478,0.702400,0.013351,0.573400,0.024299,0.642600,0.018310,0.635435,0.019533
"f100101110",0.669800,0.015810,0.480800,0.021803,0.683800,0.022969,0.663800,0.024157,0.561200,0.019661,0.615000,0.016031,0.607871,0.019802
"f100101111",0.736800,0.016055,0.486600,0.030894,0.704600,0.017113,0.731800,0.021881,0.574400,0.024344,0.629600,0.017200,0.637073,0.020660
"f100110000",0.783800,0.014407,0.445400,0.018784,0.490600,0.022927,0.711600,0.013170,0.483800,0.018427,0.500200,0.016185,0.555846,0.017027
"f100110001",0.769000,0.015780,0.555600,0.017223,0.580000,0.019596,0.769200,0.011107,0.596400,0.018948,0.547400,0.014807,0.629506,0.015971
"f100110010",0.815400,0.013298,0.501600,0.025796,0.674000,0.021817,0.798000,0.012490,0.583000,0.023345,0.612400,0.014500,0.654409,0.017785
"f100110011",0.797200,0.012812,0.555200,0.019924,0.685000,0.019519,0.794800,0.016400,0.622800,0.016497,0.628400,0.014881,0.674670,0.016484
"f100110100",0.752200,0.019523,0.541600,0.022303,0.607800,0.011539,0.726200,0.009978,0.576600,0.015180,0.596600,0.014644,0.628875,0.014946
"f100110101",0.789400,0.015545,0.596400,0.025672,0.674000,0.020100,0.773600,0.011092,0.655400,0.023766,0.636800,0.018269,0.684048,0.018386
"f100110110",0.782200,0.015658,0.527800,0.040214,0.718400,0.016045,0.794200,0.016259,0.623600,0.029581,0.631000,0.023431,0.672723,0.022015
"f100110111",0.806400,0.010726,0.582000,0.034986,0.748000,0.023749,0.820200,0.017831,0.666800,0.022221,0.668000,0.018547,0.710141,0.020077
"f100111000",0.747000,0.014866,0.404600,0.030081,0.493200,0.019125,0.715200,0.014865,0.444400,0.021275,0.472800,0.013717,0.530935,0.018263
"f100111001",0.781800,0.016333,0.524000,0.020199,0.583000,0.025239,0.768400,0.015015,0.584200,0.016382,0.544400,0.012831,0.622817,0.017243
"f100111010",0.812600,0.016469,0.483800,0.019687,0.622600,0.016948,0.785800,0.011677,0.543400,0.016566,0.587200,0.012007,0.628051,0.015287
"f100111011",0.784200,0.014709,0.549400,0.027086,0.674200,0.023587,0.794000,0.020494,0.613600,0.023644,0.612800,0.016857,0.665306,0.020615
"f100111100",0.752800,0.017781,0.539800,0.021954,0.613000,0.014177,0.719600,0.013705,0.593800,0.014818,0.591400,0.016494,0.630712,0.016268
"f100111101",0.798400,0.015409,0.599000,0.022472,0.665200,0.027730,0.766000,0.015748,0.654400,0.021648,0.642400,0.018821,0.684037,0.019874
"f100111110",0.773400,0.014087,0.548600,0.031178,0.719400,0.019739,0.778400,0.015409,0.639400,0.023530,0.642400,0.015692,0.678529,0.019150
"f100111111",0.804400,0.013735,0.567000,0.028653,0.742800,0.022807,0.798000,0.018439,0.672000,0.026306,0.662800,0.019083,0.702717,0.020889
"f101000000",0.648400,0.019221,0.357200,0.032927,0.555000,0.019621,0.627000,0.012689,0.376200,0.022706,0.547400,0.017867,0.505056,0.019996
"f101000001",0.716000,0.014000,0.501400,0.019699,0.603200,0.016666,0.745400,0.020021,0.524800,0.017463,0.564400,0.014305,0.602451,0.016862
"f101000010",0.680200,0.018165,0.374000,0.021817,0.516400,0.015331,0.631400,0.014424,0.376600,0.015442,0.549200,0.015600,0.507849,0.016625
"f101000011",0.733800,0.015217,0.485400,0.025472,0.600800,0.036597,0.694000,0.021448,0.505000,0.028373,0.613200,0.023190,0.598563,0.024186
"f101000100",0.663200,0.020044,0.466000,0.022181,0.611200,0.019041,0.648800,0.016449,0.512400,0.019754,0.581000,0.015906,0.575906,0.018772
"f101000101",0.742800,0.024661,0.503000,0.032016,0.666200,0.022969,0.751400,0.017437,0.554400,0.024993,0.613000,0.019313,0.631733,0.023117
"f101000110",0.680600,0.015416,0.417800,0.021660,0.606800,0.023190,0.629400,0.023187,0.483400,0.025425,0.581400,0.016494,0.559031,0.020549
"f101000111",0.792200,0.018578,0.476800,0.025254,0.651000,0.030545,0.731800,0.020069,0.562600,0.028412,0.615400,0.017113,0.629627,0.022783
"f101001000",0.633800,0.016839,0.417800,0.033184,0.529800,0.018384,0.631400,0.010200,0.409000,0.023685,0.542600,0.016101,0.519505,0.018490
"f101001001",0.698000,0.014697,0.497000,0.029275,0.600400,0.018106,0.729600,0.020096,0.520600,0.019330,0.560400,0.017316,0.594917,0.019344
"f101001010",0.679400,0.012233,0.391400,0.023917,0.505000,0.025159,0.633600,0.015970,0.382600,0.020475,0.550000,0.015620,0.511478,0.018303
"f101001011",0.716800,0.016179,0.542000,0.027928,0.609400,0.024034,0.689000,0.022113,0.544600,0.025939,0.628600,0.020592,0.618247,0.022457
"f101001100",0.637600,0.017036,0.458600,0.024001,0.609600,0.018757,0.641800,0.017285,0.505600,0.022642,0.563600,0.015200,0.565198,0.018903
"f101001101",0.727200,0.023069,0.522600,0.023479,0.653600,0.022870,0.733200,0.019020,0.564800,0.025631,0.613000,0.017117,0.630888,0.021664
"f101001110",0.686800,0.015549,0.420400,0.019075,0.623400,0.022326,0.646800,0.023276,0.496400,0.024393,0.583200,0.015677,0.568346,0.019727
"f101001111",0.772200,0.023090,0.476800,0.020341,0.656800,0.025015,0.734600,0.019515,0.550000,0.023065,0.615000,0.016031,0.625842,0.020960
"f101010000",0.735600,0.014444,0.446200,0.024730,0.509200,0.028414,0.710000,0.011489,0.459200,0.019984,0.512400,0.020838,0.550793,0.019101
"f101010001",0.756000,0.010000,0.565800,0.020405,0.616800,0.012073,0.763600,0.008188,0.602400,0.014637,0.584400,0.014023,0.643376,0.012672
"f101010010",0.802600,0.014256,0.511000,0.020712,0.592000,0.030463,0.755600,0.014582,0.540400,0.023997,0.596800,0.016302,0.624232,0.019277
"f101010011",0.785400,0.016151,0.593400,0.030764,0.632000,0.020785,0.746400,0.015331,0.614800,0.021094,0.641600,0.018906,0.665305,0.019955
"f101010100",0.747400,0.015338,0.489200,0.021711,0.569400,0.016175,0.723400,0.011595,0.529200,0.016594,0.547600,0.012579,0.593362,0.015341
"f101010101",0.797800,0.014183,0.576800,0.032890,0.616400,0.019571,0.775400,0.014451,0.608000,0.020976,0.608000,0.016733,0.658192,0.018950
"f101010110",0.797800,0.017469,0.479600,0.019795,0.665800,0.023672,0.769600,0.017659,0.574600,0.019205,0.601400,0.013566,0.638487,0.018308
"f101010111",0.797000,0.006708,0.569200,0.034862,0.685800,0.022547,0.785200,0.021563,0.629000,0.022383,0.643800,0.020581,0.680065,0.019343
"f101011000",0.728200,0.014791,0.460400,0.031430,0.492200,0.021193,0.719000,0.012530,0.452800,0.019187,0.504000,0.016733,0.547981,0.018465
"f101011001",0.758800,0.016080,0.551600,0.025562,0.600400,0.014827,0.752800,0.009389,0.591400,0.019288,0.573200,0.016179,0.632669,0.016167
"f101011010",0.785000,0.012689,0.508200,0.023125,0.584600,0.025629,0.750800,0.014811,0.520400,0.020781,0.595600,0.017568,0.615314,0.018544
"f101011011",0.776200,0.015085,0.597400,0.030842,0.630400,0.023913,0.743800,0.015217,0.616000,0.018111,0.639200,0.019062,0.663878,0.019700
"f101011100",0.751600,0.017013,0.500200,0.019646,0.562800,0.019702,0.719400,0.012870,0.541400,0.017665,0.547400,0.015074,0.596641,0.016811
"f101011101",0.793800,0.017192,0.577200,0.033108,0.613000,0.019925,0.762600,0.014396,0.621400,0.024981,0.601200,0.020361,0.656444,0.020887
"f101011110",0.787000,0.014318,0.487800,0.023263,0.660200,0.030099,0.754200,0.014573,0.582800,0.030792,0.599400,0.018375,0.636946,0.020871
"f101011111",0.799000,0.011705,0.588200,0.033148,0.673800,0.024891,0.777800,0.022026,0.638200,0.023974,0.647800,0.020812,0.683352,0.021759
"f101100000",0.696000,0.015875,0.432400,0.018608,0.610400,0.016848,0.677400,0.019678,0.518400,0.020819,0.548400,0.013618,0.572954,0.017401
"f101100001",0.703000,0.014866,0.517200,0.039802,0.610000,0.014697,0.714200,0.014845,0.565600,0.023165,0.564000,0.019494,0.608030,0.019691
"f101100010",0.677200,0.016253,0.338000,0.021448,0.571600,0.029008,0.667000,0.019313,0.367400,0.020958,0.542800,0.014428,0.509063,0.019734
"f101100011",0.731600,0.013764,0.486200,0.021807,0.634200,0.021826,0.698800,0.022149,0.533200,0.015677,0.614200,0.015112,0.610208,0.018032
"f101100100",0.640600,0.020920,0.479800,0.032526,0.665000,0.026401,0.662600,0.017528,0.549000,0.030545,0.587200,0.021358,0.593398,0.024291
"f101100101",0.708200,0.019462,0.529200,0.044355,0.705400,0.018996,0.722400,0.018282,0.599400,0.026185,0.634000,0.026458,0.645851,0.024335
"f101100110",0.668000,0.023664,0.403400,0.024299,0.684400,0.020215,0.644800,0.017463,0.502600,0.025985,0.603000,0.014318,0.574731,0.020560
"f101100111",0.788400,0.014746,0.495200,0.034828,0.696600,0.020358,0.732600,0.020670,0.582400,0.022588,0.655800,0.017899,0.650971,0.021065
"f101101000",0.695600,0.018238,0.437600,0.019653,0.576800,0.022400,0.687600,0.018927,0.488200,0.020267,0.536400,0.013676,0.562316,0.018653
"f101101001",0.698600,0.016126,0.506600,0.035191,0.594800,0.018027,0.693400,0.012901,0.543400,0.021597,0.566800,0.018269,0.596302,0.019324
"f101101010",0.681000,0.018788,0.365000,0.023685,0.542200,0.036293,0.675800,0.018664,0.381800,0.022153,0.527600,0.017727,0.513562,0.022159
"f101101011",0.722600,0.018418,0.496800,0.024935,0.633600,0.024557,0.688200,0.021137,0.551800,0.021325,0.611400,0.015233,0.612519,0.020645
"f101101100",0.611000,0.016763,0.481000,0.026325,0.667800,0.021099,0.644000,0.018868,0.553000,0.022825,0.579800,0.019234,0.586076,0.020632
"f101101101",0.712200,0.018899,0.554600,0.036398,0.694200,0.015886,0.718600,0.018001,0.615000,0.022825,0.637200,0.019803,0.652555,0.021127
"f101101110",0.672600,0.021983,0.413600,0.024475,0.678400,0.023355,0.647000,0.018788,0.513200,0.025802,0.600600,0.015673,0.578895,0.021379
"f101101111",0.780600,0.019017,0.514000,0.031305,0.688600,0.023496,0.722600,0.015851,0.591000,0.029343,0.660000,0.019698,0.653479,0.022453
"f101110000",0.737200,0.020104,0.459200,0.023138,0.503600,0.022957,0.720600,0.012068,0.470800,0.022613,0.503800,0.020287,0.554724,0.019737
"f101110001",0.781600,0.014746,0.575200,0.022560,0.596200,0.015348,0.760400,0.016243,0.614400,0.020016,0.580000,0.014832,0.645931,0.017056
"f101110010",0.814200,0.015374,0.458800,0.018936,0.596000,0.030463,0.774200,0.015112,0.512400,0.026875,0.572000,0.016852,0.608009,0.019824
"f101110011",0.815000,0.011000,0.553600,0.020076,0.646400,0.022957,0.757800,0.013460,0.619600,0.019387,0.629800,0.014211,0.664692,0.016306
"f101110100",0.759000,0.013748,0.503200,0.016546,0.590200,0.015164,0.722600,0.012932,0.553000,0.016279,0.570800,0.012781,0.609792,0.014497
"f101110101",0.812800,0.020400,0.608400,0.032763,0.665400,0.033479,0.779000,0.015395,0.655600,0.027288,0.650400,0.021162,0.691463,0.024161
"f101110110",0.800400,0.013559,0.490200,0.029223,0.689400,0.023783,0.775400,0.020021,0.593800,0.026825,0.617200,0.017440,0.652065,0.021101
"f101110111",0.803200,0.012718,0.563600,0.029917,0.724600,0.024017,0.786800,0.017600,0.649800,0.025573,0.663800,0.020678,0.693579,0.020971
"f101111000",0.736200,0.017764,0.463000,0.020224,0.508400,0.021481,0.714800,0.008773,0.477800,0.019317,0.508600,0.017322,0.557740,0.016821
"f101111001",0.781400,0.017890,0.559400,0.021763,0.588800,0.017623,0.766800,0.011906,0.595400,0.017113,0.569200,0.017871,0.637118,0.017098
"f101111010",0.810600,0.015021,0.462600,0.027262,0.603200,0.019436,0.770800,0.016351,0.520400,0.022624,0.575600,0.016632,0.611381,0.019128
"f101111011",0.804400,0.010984,0.555600,0.020412,0.642400,0.021030,0.755200,0.019415,0.614400,0.017906,0.626400,0.012290,0.661050,0.016495
"f101111100",0.762000,0.015362,0.514600,0.022734,0.593600,0.017636,0.722600,0.013537,0.573000,0.018682,0.570600,0.016051,0.616667,0.017100
"f101111101",0.804200,0.018983,0.602200,0.031131,0.659200,0.027917,0.766000,0.016000,0.649600,0.026227,0.648600,0.019597,0.684693,0.022668
"f101111110",0.787400,0.016590,0.494600,0.028015,0.688400,0.021294,0.760400,0.018326,0.601000,0.026173,0.615400,0.018244,0.649971,0.021034
"f101111111",0.802800,0.012007,0.553400,0.031408,0.711800,0.024388,0.781200,0.020846,0.650000,0.026907,0.648400,0.017013,0.685889,0.021081
"f110000000",0.609400,0.017252,0.326000,0.027641,0.565000,0.015264,0.635200,0.012998,0.404800,0.022912,0.470000,0.011662,0.488356,0.017132
"f110000001",0.614600,0.013448,0.470000,0.011489,0.641200,0.018291,0.663600,0.009749,0.583200,0.014621,0.524600,0.011173,0.578814,0.012849
"f110000010",0.719200,0.011107,0.388600,0.022979,0.546600,0.039730,0.721200,0.015702,0.399800,0.024207,0.534600,0.018134,0.535375,0.020296
"f110000011",0.734200,0.016981,0.392800,0.023241,0.587000,0.011358,0.710400,0.011993,0.448000,0.018000,0.545800,0.014013,0.555571,0.015442
"f110000100",0.617800,0.015911,0.450200,0.014490,0.573000,0.022561,0.648200,0.021325,0.489600,0.015995,0.518000,0.012806,0.544981,0.016829
"f110000101",0.684800,0.014455,0.462000,0.016733,0.631000,0.019925,0.708800,0.011600,0.512000,0.018111,0.569400,0.011386,0.587816,0.015030
"f110000110",0.675400,0.016877,0.451800,0.024057,0.576000,0.016248,0.610400,0.009156,0.522000,0.017550,0.561600,0.016776,0.561833,0.016156
"f110000111",0.765600,0.012355,0.463000,0.024759,0.622000,0.019494,0.715200,0.018680,0.548800,0.020653,0.583600,0.012126,0.607979,0.017415
"f110001000",0.617000,0.022023,0.383600,0.030709,0.561600,0.038072,0.698800,0.015955,0.449800,0.029966,0.460600,0.021486,0.517664,0.025336
"f110001001",0.578600,0.016249,0.472000,0.019494,0.623400,0.014644,0.677000,0.012207,0.531200,0.014232,0.515200,0.011356,0.562106,0.014463
"f110001010",0.695000,0.020322,0.443600,0.018843,0.513200,0.047558,0.708600,0.012651,0.392800,0.022895,0.566400,0.025515,0.540538,0.022638
"f110001011",0.722600,0.021800,0.432800,0.021729,0.586800,0.013629,0.688200,0.015835,0.468000,0.016492,0.574600,0.019309,0.569072,0.017869
"f110001100",0.595400,0.010433,0.436200,0.014818,0.562600,0.023984,0.603600,0.014935,0.482800,0.015880,0.515800,0.012820,0.529195,0.014974
"f110001101",0.691600,0.014881,0.464400,0.015895,0.633200,0.019641,0.715200,0.014999,0.505800,0.019088,0.580200,0.011915,0.591170,0.015849
"f110001110",0.690600,0.016542,0.456400,0.019262,0.589600,0.013410,0.633600,0.013230,0.528000,0.017664,0.567800,0.012536,0.572746,0.015238
"f110001111",0.760800,0.012303,0.453600,0.018195,0.632200,0.026404,0.729600,0.017659,0.525000,0.019925,0.587600,0.011926,0.605137,0.017077
"f110010000",0.739800,0.015683,0.367200,0.023413,0.465400,0.023766,0.733200,0.012560,0.399800,0.018275,0.436800,0.014063,0.502958,0.017443
"f110010001",0.747800,0.018578,0.525000,0.027368,0.591600,0.020431,0.758000,0.014832,0.578400,0.020819,0.544200,0.015886,0.617454,0.019255
"f110010010",0.800200,0.011915,0.488600,0.016126,0.667800,0.022653,0.759800,0.016552,0.582000,0.020396,0.613400,0.014644,0.643222,0.016677
"f110010011",0.773600,0.015461,0.524600,0.030997,0.653000,0.021000,0.774000,0.017550,0.584200,0.018340,0.601600,0.017246,0.645126,0.019552
"f110010100",0.761400,0.016734,0.534800,0.023086,0.583600,0.013230,0.729800,0.009271,0.566200,0.015986,0.576400,0.016463,0.619635,0.015228
"f110010101",0.796000,0.015232,0.543000,0.025000,0.629800,0.024289,0.772600,0.013829,0.610200,0.024616,0.592200,0.017005,0.650831,0.019414
"f110010110",0.789200,0.012464,0.518400,0.024524,0.709400,0.017368,0.796000,0.013711,0.620000,0.018655,0.621400,0.015101,0.668195,0.016544
"f110010111",0.806200,0.012311,0.538400,0.035573,0.689200,0.018203,0.815600,0.017107,0.618600,0.020977,0.616600,0.017957,0.673179,0.019280
"f110011000",0.740400,0.013994,0.389200,0.033991,0.471000,0.023431,0.717200,0.012172,0.420800,0.026370,0.453000,0.017692,0.514532,0.019963
"f110011001",0.766200,0.014407,0.510800,0.022076,0.592200,0.020522,0.766200,0.012632,0.569800,0.020542,0.545400,0.017345,0.617031,0.017566
"f110011010",0.784400,0.014444,0.523000,0.016155,0.607000,0.021284,0.748400,0.014472,0.556400,0.019876,0.602000,0.015492,0.629831,0.016756
"f110011011",0.763400,0.012587,0.540800,0.030321,0.631800,0.025510,0.773400,0.015048,0.574600,0.019101,0.597200,0.016975,0.640781,0.019031
"f110011100",0.760200,0.014490,0.540600,0.024034,0.586400,0.011621,0.729600,0.010947,0.573400,0.014644,0.577800,0.014041,0.622615,0.014452
"f110011101",0.809800,0.016430,0.540000,0.032863,0.615000,0.020518,0.764600,0.012524,0.598400,0.022922,0.598400,0.017477,0.647407,0.019536
"f110011110",0.772000,0.014000,0.522800,0.020400,0.695600,0.016144,0.782400,0.013500,0.605600,0.019612,0.617800,0.013460,0.659370,0.015944
"f110011111",0.802600,0.006873,0.541400,0.028143,0.681000,0.018574,0.804000,0.019079,0.613000,0.020421,0.618200,0.016696,0.669630,0.016909
"f110100000",0.652400,0.017727,0.385600,0.026318,0.596200,0.020870,0.661600,0.018478,0.459200,0.020961,0.520000,0.018000,0.535929,0.020197
"f110100001",0.627000,0.014318,0.528000,0.014560,0.625600,0.018348,0.684200,0.015632,0.555200,0.016400,0.565400,0.012524,0.595248,0.015189
"f110100010",0.736200,0.017423,0.373800,0.022261,0.536200,0.015986,0.694400,0.014988,0.388000,0.017205,0.551000,0.014177,0.528964,0.016823
"f110100011",0.718800,0.015184,0.468400,0.015794,0.614400,0.014854,0.691600,0.014610,0.537200,0.015880,0.573600,0.009330,0.594355,0.014055
"f110100100",0.645800,0.017899,0.566200,0.024891,0.677000,0.017464,0.653600,0.019366,0.608000,0.019698,0.631800,0.014379,0.629374,0.018694
"f110100101",0.673200,0.013482,0.569400,0.033010,0.720600,0.028172,0.718800,0.019146,0.598400,0.022571,0.659200,0.017758,0.654102,0.021406
"f110100110",0.668600,0.016972,0.497600,0.031658,0.663200,0.023953,0.636200,0.020774,0.572400,0.028324,0.622000,0.018655,0.606917,0.022821
"f110100111",0.755800,0.018449,0.508600,0.030790,0.722800,0.026385,0.746800,0.022842,0.605600,0.026470,0.646000,0.017088,0.658017,0.023173
"f110101000",0.641000,0.012845,0.440200,0.026795,0.583600,0.018843,0.651400,0.012492,0.503000,0.022913,0.522000,0.015875,0.551592,0.017575
"f110101001",0.634800,0.018137,0.526800,0.016179,0.605800,0.016136,0.659000,0.017000,0.554600,0.017912,0.567200,0.014838,0.589570,0.016661
"f110101010",0.716800,0.016546,0.400000,0.026907,0.514400,0.040898,0.679800,0.015296,0.407200,0.030727,0.529000,0.023259,0.527716,0.024163
"f110101011",0.720200,0.019646,0.466600,0.018827,0.635000,0.020025,0.688000,0.017664,0.554000,0.012961,0.583200,0.014204,0.601655,0.016994
"f110101100",0.618000,0.020396,0.566400,0.024475,0.665800,0.025384,0.643000,0.020224,0.598400,0.023440,0.616800,0.017139,0.617258,0.021649
"f110101101",0.671000,0.018138,0.545200,0.022825,0.676000,0.027055,0.696400,0.016095,0.568200,0.024470,0.635800,0.017787,0.629483,0.020691
"f110101110",0.672400,0.018062,0.486400,0.023813,0.681800,0.021137,0.645200,0.019823,0.570000,0.023749,0.626400,0.016219,0.609700,0.020272
"f110101111",0.747200,0.019187,0.503400,0.033800,0.707800,0.015911,0.734800,0.023853,0.588600,0.023066,0.641200,0.016570,0.647700,0.021326
"f110110000",0.755600,0.011859,0.421200,0.036859,0.490800,0.015854,0.727600,0.013500,0.453400,0.026804,0.476400,0.019775,0.539103,0.019167
"f110110001",0.765400,0.016995,0.523800,0.030782,0.583800,0.019788,0.773200,0.012718,0.570000,0.019391,0.540600,0.016901,0.618102,0.018728
"f110110010",0.829000,0.011533,0.485200,0.018787,0.653800,0.016479,0.787400,0.016225,0.569200,0.013688,0.605000,0.010050,0.643956,0.014133
"f110110011",0.784800,0.014999,0.546200,0.018856,0.693200,0.016904,0.780600,0.016421,0.628800,0.019354,0.627400,0.017066,0.671288,0.017204
"f110110100",0.752400,0.013351,0.544200,0.021917,0.622800,0.015105,0.725000,0.009000,0.586800,0.015025,0.607200,0.013717,0.635505,0.014200
"f110110101",0.787600,0.018173,0.606400,0.022159,0.679000,0.020616,0.770000,0.015232,0.663200,0.025412,0.646400,0.015068,0.689068,0.019091
"f110110110",0.785400,0.015775,0.555600,0.030539,0.715800,0.018010,0.790000,0.016000,0.633400,0.020061,0.649400,0.016175,0.682984,0.018863
"f110110111",0.806800,0.012400,0.560600,0.030293,0.752200,0.022387,0.815400,0.020805,0.665200,0.022649,0.661800,0.015709,0.704369,0.019907
"f110111000",0.763400,0.013208,0.439000,0.029682,0.484600,0.022200,0.722400,0.011758,0.473800,0.018750,0.477000,0.017349,0.546070,0.017935
"f110111001",0.782200,0.015005,0.516600,0.020259,0.593400,0.019658,0.772400,0.017036,0.574400,0.017906,0.552400,0.014221,0.623527,0.017204
"f110111010",0.820200,0.013927,0.486000,0.014832,0.624400,0.015895,0.779400,0.012395,0.552600,0.014534,0.593000,0.011533,0.631744,0.013771
"f110111011",0.774600,0.012363,0.542200,0.023349,0.688600,0.018869,0.780600,0.018156,0.626000,0.017550,0.614800,0.015394,0.665513,0.017290
"f110111100",0.762200,0.013754,0.557200,0.023327,0.624400,0.017223,0.727800,0.011712,0.610400,0.019179,0.606000,0.013565,0.644081,0.016009
"f110111101",0.793000,0.019519,0.602000,0.025690,0.682800,0.021170,0.767800,0.012213,0.664000,0.023833,0.651200,0.019763,0.690318,0.019844
"f110111110",0.776400,0.014935,0.563400,0.023118,0.719000,0.019723,0.772000,0.015232,0.647200,0.022895,0.653600,0.014527,0.684331,0.018042
"f110111111",0.800600,0.013328,0.557600,0.028182,0.747000,0.021000,0.795000,0.017234,0.671000,0.023087,0.659800,0.014070,0.699724,0.018800
"f111000000",0.668600,0.016126,0.348400,0.022123,0.540800,0.018638,0.673600,0.012769,0.362200,0.016528,0.521000,0.012689,0.502048,0.016159
"f111000001",0.703800,0.017764,0.516200,0.019687,0.609800,0.012883,0.735600,0.018018,0.547000,0.016401,0.565400,0.013448,0.607771,0.016174
"f111000010",0.679600,0.018864,0.341000,0.029000,0.528400,0.026104,0.650400,0.015487,0.346600,0.024788,0.543000,0.018466,0.496550,0.021588
"f111000011",0.741800,0.016086,0.466000,0.025219,0.611200,0.027542,0.677000,0.018466,0.508600,0.025061,0.619600,0.018650,0.596562,0.021414
"f111000100",0.662800,0.024169,0.458400,0.017477,0.604400,0.016871,0.653600,0.020665,0.505600,0.020510,0.567000,0.014731,0.570307,0.018824
"f111000101",0.745600,0.019612,0.508800,0.025270,0.647600,0.027897,0.736800,0.017139,0.556600,0.022593,0.610400,0.022177,0.628267,0.022170
"f111000110",0.691600,0.016292,0.404800,0.024268,0.610800,0.024726,0.628800,0.019354,0.486000,0.022627,0.579600,0.014136,0.558314,0.019815
"f111000111",0.792000,0.018000,0.465600,0.019916,0.644600,0.028086,0.715400,0.020417,0.563600,0.020175,0.611000,0.013454,0.623158,0.019548
"f111001000",0.655200,0.018787,0.381000,0.024920,0.522600,0.017414,0.652600,0.015338,0.384600,0.021745,0.522200,0.013159,0.507567,0.018153
"f111001001",0.696800,0.017938,0.510800,0.027118,0.569200,0.019271,0.716000,0.015875,0.525000,0.018894,0.544200,0.014435,0.588269,0.018538
"f111001010",0.682800,0.017209,0.361000,0.023770,0.511000,0.028018,0.658200,0.016455,0.361400,0.021261,0.528000,0.018439,0.501034,0.020487
"f111001011",0.733000,0.016763,0.513200,0.029762,0.602000,0.026458,0.667200,0.021358,0.543600,0.022339,0.625200,0.018137,0.609664,0.022027
"f111001100",0.631800,0.021231,0.448400,0.019428,0.600200,0.020346,0.636000,0.019799,0.503200,0.021113,0.548400,0.015015,0.556937,0.019361
"f111001101",0.731400,0.021261,0.512400,0.022232,0.633400,0.028887,0.719200,0.016714,0.562600,0.027336,0.599000,0.018028,0.621326,0.021970
"f111001110",0.694200,0.021456,0.409000,0.022293,0.622400,0.027391,0.641000,0.020421,0.493800,0.029522,0.582000,0.016733,0.565069,0.022569
"f111001111",0.785000,0.021095,0.469600,0.024163,0.635400,0.026473,0.709600,0.016728,0.553600,0.029649,0.613200,0.015549,0.619312,0.021688
"f111010000",0.739000,0.015264,0.441200,0.035250,0.465400,0.027438,0.726000,0.012806,0.429600,0.026605,0.483800,0.022351,0.532879,0.021969
"f111010001",0.768000,0.013416,0.543400,0.023716,0.616400,0.012290,0.761800,0.010332,0.606800,0.018809,0.572000,0.014000,0.638907,0.014830
"f111010010",0.807400,0.011101,0.487200,0.020595,0.583000,0.019824,0.756400,0.012290,0.512600,0.018741,0.591000,0.015395,0.612017,0.015886
"f111010011",0.801200,0.017509,0.575800,0.033828,0.643000,0.018682,0.741400,0.012167,0.630200,0.023366,0.640800,0.019884,0.667953,0.019924
"f111010100",0.749000,0.015524,0.493400,0.021597,0.572800,0.018004,0.716000,0.011832,0.542200,0.018362,0.551000,0.013454,0.597014,0.016135
"f111010101",0.797600,0.017500,0.582000,0.032924,0.615200,0.018137,0.772200,0.013159,0.618400,0.019428,0.604400,0.021648,0.659692,0.019665
"f111010110",0.798200,0.012600,0.471600,0.023096,0.660800,0.026065,0.756200,0.018643,0.572200,0.026404,0.600000,0.014142,0.633406,0.019369
"f111010111",0.799200,0.011805,0.559800,0.033615,0.677800,0.027151,0.770800,0.019681,0.631800,0.026735,0.636800,0.023017,0.674351,0.022521
"f111011000",0.734800,0.015523,0.466600,0.022236,0.476200,0.024157,0.726800,0.012718,0.450600,0.018591,0.494600,0.017229,0.545834,0.017996
"f111011001",0.774800,0.019924,0.525800,0.023073,0.583800,0.020188,0.755800,0.011677,0.576000,0.018762,0.554600,0.015901,0.621127,0.017848
"f111011010",0.798800,0.012906,0.490400,0.020294,0.583200,0.026034,0.748600,0.016614,0.517400,0.022164,0.590600,0.015926,0.611452,0.018492
"f111011011",0.793600,0.013966,0.593600,0.029378,0.638000,0.024000,0.748200,0.012914,0.628800,0.026955,0.641200,0.021037,0.670255,0.020401
"f111011100",0.757400,0.011456,0.507200,0.017893,0.569200,0.022964,0.718400,0.012060,0.551400,0.016372,0.555600,0.015253,0.603107,0.015557
"f111011101",0.796800,0.013029,0.575800,0.035048,0.614600,0.018134,0.763000,0.014595,0.625000,0.020125,0.600200,0.018165,0.657384,0.018802
"f111011110",0.788200,0.014098,0.472400,0.022588,0.657400,0.025676,0.757200,0.018115,0.563200,0.025095,0.597400,0.013537,0.629727,0.019214
"f111011111",0.802600,0.013238,0.564600,0.030345,0.674200,0.030337,0.772000,0.017205,0.637600,0.027171,0.636800,0.020439,0.676394,0.022098
"f111100000",0.682200,0.017238,0.415600,0.016989,0.586400,0.015068,0.699800,0.019646,0.462800,0.018335,0.529800,0.013783,0.552769,0.016728
"f111100001",0.702800,0.015497,0.523800,0.033280,0.597400,0.028831,0.710000,0.020591,0.564800,0.022999,0.560200,0.018384,0.605750,0.022492
"f111100010",0.699400,0.017483,0.309800,0.029085,0.558400,0.027522,0.665200,0.020517,0.349000,0.027074,0.531000,0.012530,0.496140,0.021450
"f111100011",0.747000,0.018788,0.468000,0.024900,0.634200,0.023672,0.686400,0.017408,0.537600,0.020056,0.613800,0.014267,0.607402,0.019511
"f111100100",0.631200,0.020750,0.492400,0.031972,0.678000,0.024819,0.663400,0.019961,0.565800,0.025620,0.588200,0.019768,0.599717,0.023454
"f111100101",0.711000,0.014318,0.568400,0.034430,0.683000,0.023770,0.716200,0.015986,0.610400,0.027126,0.642000,0.021541,0.652912,0.021871
"f111100110",0.677800,0.018899,0.398200,0.024955,0.682600,0.020180,0.639000,0.014731,0.505200,0.024596,0.606000,0.015362,0.574735,0.019380
"f111100111",0.788400,0.014610,0.497600,0.037606,0.701400,0.014424,0.726600,0.017732,0.590800,0.026294,0.661200,0.020361,0.653798,0.020546
"f111101000",0.691200,0.016810,0.426400,0.018736,0.565000,0.024434,0.679000,0.017349,0.483400,0.023631,0.523000,0.012689,0.552957,0.018496
"f111101001",0.688000,0.018762,0.518000,0.028636,0.583200,0.019229,0.690800,0.017186,0.549400,0.019840,0.554800,0.016642,0.593634,0.019710
"f111101010",0.683200,0.020634,0.342400,0.026650,0.555800,0.039754,0.677800,0.019317,0.372800,0.026910,0.525200,0.018999,0.508335,0.024493
"f111101011",0.734600,0.019515,0.489000,0.024352,0.634600,0.025156,0.686200,0.021344,0.554000,0.021260,0.612000,0.015875,0.612955,0.021014
"f111101100",0.616800,0.025333,0.494600,0.024512,0.662000,0.025846,0.648600,0.019597,0.566400,0.028125,0.578000,0.018655,0.591626,0.023420
"f111101101",0.711400,0.021355,0.561800,0.031413,0.676600,0.023800,0.706400,0.024961,0.612000,0.021541,0.636200,0.017651,0.648491,0.023089
"f111101110",0.672800,0.020884,0.404200,0.022986,0.680600,0.024772,0.644200,0.016503,0.505800,0.025147,0.601200,0.017279,0.575306,0.020980
"f111101111",0.787000,0.016155,0.512200,0.031704,0.691800,0.024470,0.716000,0.015620,0.601200,0.028750,0.665200,0.020223,0.656216,0.022014
"f111110000",0.756800,0.013482,0.470000,0.021541,0.498600,0.022892,0.726600,0.010883,0.483200,0.022666,0.504800,0.017463,0.561775,0.017491
"f111110001",0.789800,0.014490,0.559400,0.023273,0.592400,0.019551,0.760800,0.013541,0.610600,0.021946,0.572400,0.014500,0.641353,0.017468
"f111110010",0.826400,0.013230,0.459200,0.024887,0.601800,0.023807,0.780000,0.014560,0.518200,0.023211,0.575800,0.016382,0.613175,0.018746
"f111110011",0.816600,0.010883,0.545000,0.016279,0.652600,0.021892,0.752200,0.016284,0.622600,0.017414,0.632000,0.011489,0.664332,0.015261
"f111110100",0.768400,0.015147,0.511000,0.023345,0.603400,0.017159,0.726600,0.012427,0.568400,0.018260,0.582400,0.013793,0.620341,0.016334
"f111110101",0.811400,0.014562,0.614200,0.027356,0.669400,0.025722,0.767800,0.015138,0.665200,0.024268,0.658800,0.017279,0.694540,0.020054
"f111110110",0.801800,0.015322,0.495400,0.033239,0.688400,0.020235,0.768000,0.016000,0.598000,0.020881,0.622400,0.016560,0.653882,0.019618
"f111110111",0.805000,0.013304,0.549200,0.022257,0.726000,0.029052,0.786400,0.023980,0.646400,0.025200,0.659200,0.017758,0.689611,0.021259
"f111111000",0.751800,0.013370,0.483000,0.020712,0.499000,0.028862,0.723200,0.010666,0.494600,0.019205,0.505600,0.017339,0.565690,0.017466
"f111111001",0.777600,0.016317,0.551200,0.025818,0.574600,0.023427,0.756200,0.014952,0.586400,0.022870,0.559800,0.017719,0.627647,0.019775
"f111111010",0.817400,0.015207,0.466000,0.026533,0.604200,0.023073,0.771800,0.012914,0.528800,0.022507,0.576400,0.019158,0.615064,0.019310
"f111111011",0.808400,0.012548,0.547800,0.020619,0.649400,0.027306,0.749800,0.016792,0.619200,0.022346,0.630200,0.016061,0.661966,0.018687
"f111111100",0.770200,0.011223,0.530800,0.023566,0.605400,0.023597,0.724800,0.008542,0.592600,0.022787,0.585800,0.017331,0.629580,0.016617
"f111111101",0.809000,0.017804,0.604000,0.025768,0.656400,0.031226,0.764800,0.014865,0.651000,0.027148,0.649600,0.017083,0.685470,0.021500
"f111111110",0.792400,0.015174,0.497200,0.027426,0.684400,0.021275,0.756000,0.017889,0.604200,0.026237,0.618600,0.016001,0.651103,0.020128
"f111111111",0.797800,0.011187,0.561800,0.030964,0.708200,0.030769,0.781600,0.020136,0.648000,0.032000,0.648200,0.022951,0.685988,0.023242
