0.304666666667
0.3555
0.13069047619
0.5035
0.782
0.499535714286
0.453511904762
0.119666666667
0.62
0.66375
0.589119047619
0.506035714286
0.416166666667
0.156119047619
0.182857142857
0.182857142857
0.158333333333
0.153333333333
0.11
0.143416666667
0.139416666667
0.14175
0.0846666666667
0.139416666667
0.125023809524
0.169666666667
0.158
0.176333333333
0.148833333333
0.719547619048
0.719547619048
0.712
0.676777777778
0.212404761905
0.6175
0.306119047619
0.353119047619
0.627880952381
0.748
0.650083333333
0.486583333333
0.400745098039
0.379078431373
0.336666666667
0.353595238095
0.402833333333
0.6455
0.535
0.48730952381
0.446142857143
0.206
0.280380952381
0.0832857142857
0.185333333333
0.280380952381
0.469555555556
0.490047619048
0.577095238095
0.577095238095
0.344
0.596583333333
0.404333333333
0.458166666667
0.417333333333
0.80819047619
0.415896825397
0.731571428571
0.321333333333
0.666642857143
0.132
0.619666666667
0.570833333333
0.479928571429
0.867666666667
0.373428571429
0.637904761905
0.772238095238
0.530166666667
0.4045
0.430166666667
0.5765
0.447896825397
0.3155
0.917583333333
0.669916666667
0.91225
0.656904761905
0.969
0.346083333333
0.319416666667
0.3575
0.409166666667
0.38225
0.326797619048
0.105833333333
0.483
0.0858333333333
0.0971666666667
0.0858333333333
0.165
0.115888888889
0.441507936508
0.360976190476
0.348476190476
0.413321428571
0.823
0.2135
0.2135
0.232166666667
0.473166666667
0.776436507937
0.901222222222
0.8815
0.854555555556
0.79726984127
0.1455
0.5315
0.441166666667
0.452166666667
