0.279833333333
0.351797619048
0.163833333333
0.542404761905
0.816666666667
0.537666666667
0.56680952381
0.133666666667
0.6025
0.66980952381
0.637714285714
0.532
0.327666666667
0.219333333333
0.185666666667
0.185666666667
0.132357142857
0.122357142857
0.13
0.159666666667
0.159666666667
0.157166666667
0.1205
0.159666666667
0.153666666667
0.167023809524
0.144166666667
0.17369047619
0.167023809524
0.8025
0.8025
0.8245
0.797833333333
0.145
0.650547619048
0.367976190476
0.382142857143
0.681166666667
0.710666666667
0.617666666667
0.5055
0.496666666667
0.441666666667
0.315333333333
0.41180952381
0.554781746032
0.569833333333
0.490166666667
0.408880952381
0.360380952381
0.234833333333
0.278357142857
0.0893571428571
0.162857142857
0.278357142857
0.422333333333
0.590071428571
0.545833333333
0.545833333333
0.401166666667
0.568944444444
0.298666666667
0.451666666667
0.4225
0.828642857143
0.415023809524
0.606
0.284023809524
0.690166666667
0.213583333333
0.658416666667
0.540880952381
0.456
0.881333333333
0.349928571429
0.765238095238
0.858571428571
0.376
0.401833333333
0.434666666667
0.5125
0.412023809524
0.390238095238
0.937666666667
0.7745
0.916
0.726595238095
0.959666666667
0.323746031746
0.287079365079
0.335333333333
0.415404761905
0.376285714286
0.37380952381
0.0966666666667
0.483357142857
0.0845
0.10569047619
0.0845
0.17169047619
0.1005
0.465785714286
0.3355
0.355583333333
0.440916666667
0.770666666667
0.1905
0.1905
0.174333333333
0.496277777778
0.775
0.878333333333
0.833333333333
0.858333333333
0.833333333333
0.162333333333
0.50475
0.397583333333
0.404071428571
